uri:/instrument/1.0/AAPL/chartdata;type=quote;range=10d/csv
ticker:aapl
Company-Name:Apple Inc.
Exchange-Name:NMS
unit:MIN
timezone:EDT
currency:USD
gmtoffset:-14400
previous_close:113.4000
range:20150910,1441891800,1441915200
range:20150911,1441978200,1442001600
range:20150914,1442237400,1442260800
range:20150915,1442323800,1442347200
range:20150916,1442410200,1442433600
range:20150917,1442496600,1442520000
range:20150918,1442583000,1442606400
range:20150921,1442842200,1442865600
range:20150922,1442928600,1442952000
range:20150923,1443015000,1443038400
Timestamp:1441891800,1443038400
labels:1441891800,1441978200,1442237400,1442323800,1442410200,1442496600,1442583000,1442842200,1442928600,1443015000
values:Timestamp,close,high,low,open,volume
close:110.2200,116.4700
high:110.7000,116.8900
low:109.9000,116.4100
open:110.0700,116.5800
volume:0,16754000
1441892099,110.2200,110.7000,110.0000,110.0700,2844400
1441892399,111.1399,111.1600,109.9000,110.2410,2191900
1441892640,111.2100,111.6800,111.1300,111.1400,2116400
1441892999,111.3900,111.6100,111.1800,111.2000,1069900
1441893298,111.3000,111.3800,111.0000,111.3800,1503100
1441893599,111.1800,111.4100,111.1400,111.3400,1221200
1441893840,110.9300,111.3398,110.8100,111.1900,1118000
1441894140,111.0600,111.1900,110.9000,110.9900,823100
1441894498,110.8200,111.0700,110.6889,111.0700,944700
1441894799,111.3140,111.3400,110.8065,110.8300,1017200
1441895040,111.2550,111.4800,111.2100,111.3100,945800
1441895398,111.4500,111.4500,111.1500,111.2600,704500
1441895699,111.8200,111.8600,111.4300,111.4500,1464000
1441895940,111.9750,111.9900,111.7300,111.8001,987600
1441896299,112.1200,112.1900,111.9400,111.9700,1255600
1441896540,112.3900,112.4772,112.0900,112.1300,1095400
1441896899,112.4300,112.7100,112.3900,112.4100,1217200
1441897140,112.3350,112.4900,112.2500,112.4400,987600
1441897440,112.2597,112.4600,112.2200,112.3300,807100
1441897797,112.2900,112.4500,112.2300,112.2650,680000
1441898099,112.1030,112.3200,112.1000,112.2900,738000
1441898340,111.9600,112.1600,111.9300,112.1100,777100
1441898699,111.9000,112.0300,111.8200,111.9700,823600
1441898999,112.1086,112.1200,111.7600,111.8990,708000
1441899299,112.1490,112.2800,112.0200,112.1100,673000
1441899599,112.4899,112.6600,112.1500,112.1500,1401800
1441899899,112.4927,112.6000,112.3200,112.4800,584800
1441900140,112.2200,112.5400,112.1950,112.4950,517700
1441900442,112.4400,112.4700,112.1501,112.2300,449200
1441900799,112.4200,112.5400,112.2500,112.4500,463800
1441901040,112.5360,112.5600,112.4200,112.4750,432600
1441901340,112.7186,112.7700,112.3800,112.5400,717800
1441901699,112.6100,112.7400,112.5300,112.7150,608500
1441901940,112.4000,112.7201,112.3200,112.6000,560100
1441902296,112.3400,112.5000,112.2650,112.4000,573400
1441902540,112.3600,112.5100,112.2700,112.3400,477200
1441902840,112.4000,112.4500,112.1900,112.3500,392300
1441903198,112.5300,112.5700,112.3600,112.3868,456700
1441903441,112.4471,112.5400,112.3700,112.5400,351500
1441903799,112.6100,112.6200,112.3750,112.4400,394200
1441904040,112.6000,112.6300,112.5000,112.6000,325100
1441904340,112.4750,112.6300,112.3889,112.5900,425400
1441904699,112.3994,112.4700,112.3200,112.4700,283300
1441904996,112.4100,112.5400,112.3800,112.3900,260600
1441905240,112.2500,112.5400,112.2400,112.4100,385100
1441905540,112.4200,112.4500,112.2500,112.2560,269800
1441905840,112.6750,112.6900,112.3500,112.4200,479100
1441906199,112.9050,112.9300,112.5600,112.6700,752000
1441906443,113.0400,113.0400,112.7900,112.9000,828400
1441906740,113.0688,113.2800,112.9700,113.0350,1004700
1441907099,113.0050,113.1000,112.8500,113.0700,710300
1441907399,112.8800,113.0001,112.8100,113.0000,617800
1441907699,112.8000,113.0701,112.7300,112.8800,647900
1441907999,112.8300,112.8500,112.6800,112.7920,391500
1441908240,112.6650,112.8900,112.5750,112.8300,748000
1441908599,112.6600,112.7800,112.6150,112.6600,314200
1441908898,112.7400,112.8700,112.6400,112.6400,408400
1441909140,112.4300,112.7699,112.3110,112.7440,767000
1441909441,112.5400,112.6000,112.3700,112.4350,361700
1441909740,112.6699,112.6700,112.5200,112.5400,370900
1441910099,112.8400,112.9698,112.6400,112.6600,544400
1441910341,112.8700,112.9000,112.7400,112.8400,367100
1441910699,112.9800,113.1200,112.8500,112.8700,606700
1441910940,112.9460,113.0450,112.8400,112.9800,439000
1441911240,112.8600,113.0100,112.7800,112.9410,467700
1441911599,112.5325,112.8500,112.4900,112.8500,556500
1441911899,112.2500,112.6510,112.1100,112.5300,930200
1441912140,112.5100,112.5200,112.2300,112.2320,595600
1441912440,112.6600,112.6800,112.4700,112.5100,540300
1441912799,112.6660,112.8300,112.5900,112.6500,654300
1441913040,112.5200,112.7400,112.4500,112.6600,719200
1441913399,112.4800,112.5900,112.3100,112.5200,707000
1441913699,112.3300,112.4700,112.1550,112.4700,688200
1441913940,112.2210,112.4200,112.1000,112.3400,802300
1441914240,112.2700,112.2900,111.9500,112.2300,1110900
1441914540,112.2400,112.3400,112.1200,112.2699,814300
1441914899,112.4010,112.4600,112.1900,112.2600,803800
1441915143,112.5900,112.6800,112.3700,112.4050,4005700
1441915200,112.5700,112.5700,112.5700,112.5700,0
1441978440,111.9550,112.0900,111.7600,111.7800,0
1441978799,112.2600,112.4600,111.7700,111.9200,1180000
1441979040,112.0000,112.3300,111.9700,112.2600,1180600
1441979340,112.0100,112.1600,111.9700,112.0300,845200
1441979699,111.8900,112.1088,111.8600,112.0100,745900
1441979940,112.0000,112.2780,111.8800,111.8900,899500
1441980299,111.9200,112.1100,111.8500,112.0000,727700
1441980540,112.0800,112.1500,111.8400,111.9300,716300
1441980899,111.9630,112.1500,111.9100,112.0700,612400
1441981141,112.1200,112.1800,111.9300,111.9700,508200
1441981443,112.1800,112.2900,112.1100,112.1300,459300
1441981740,112.0100,112.2550,112.0000,112.1772,461400
1441982099,112.0460,112.0900,111.9300,112.0000,366600
1441982399,112.1500,112.1500,111.9400,112.0550,422100
1441982640,112.5000,112.5360,112.1100,112.1500,675900
1441982940,112.5100,112.6000,112.4000,112.5001,526400
1441983242,112.4100,112.5200,112.3700,112.5150,532900
1441983541,112.3200,112.4200,112.2700,112.4100,480900
1441983841,112.1600,112.3610,112.0800,112.3200,514200
1441984199,112.1600,112.3300,112.1500,112.1700,420300
1441984499,112.0950,112.2506,112.0550,112.1540,389700
1441984740,112.2200,112.2200,111.9800,112.0900,398900
1441985041,112.1800,112.2400,112.0750,112.2100,291400
1441985340,112.2000,112.2100,112.0900,112.1740,248300
1441985698,112.0500,112.2900,112.0500,112.2400,365800
1441985999,112.2900,112.3200,111.9900,112.0500,495200
1441986299,112.2500,112.3800,112.1800,112.3000,367800
1441986540,112.2700,112.3500,112.1800,112.2500,285100
1441986899,112.4900,112.5400,112.2511,112.2700,491600
1441987141,112.5200,112.6000,112.4700,112.5100,498500
1441987499,112.7900,112.8300,112.5100,112.5300,790600
1441987741,112.7500,112.9098,112.6700,112.7965,635700
1441988099,112.9000,112.9150,112.7400,112.7443,407100
1441988399,112.7100,112.9100,112.6880,112.8900,392400
1441988640,112.7950,112.8000,112.7000,112.7000,246000
1441988999,112.9500,112.9500,112.7736,112.7900,408200
1441989241,113.0628,113.1400,112.9200,112.9400,1098600
1441989599,112.9200,113.0700,112.9000,113.0600,395200
1441989899,113.0700,113.1000,112.9049,112.9200,300200
1441990198,113.1843,113.1900,113.0050,113.0701,460400
1441990440,113.1910,113.3100,113.1400,113.1800,591400
1441990741,113.2400,113.2928,113.1300,113.1994,434500
1441991099,113.2600,113.3000,113.1840,113.2400,381100
1441991399,113.2300,113.3100,113.1500,113.2600,420300
1441991640,113.1700,113.2700,113.1700,113.2200,265700
1441991999,113.0400,113.1799,113.0300,113.1700,337400
1441992299,112.8500,113.0570,112.8500,113.0400,507300
1441992599,112.9350,112.9350,112.8001,112.8400,380200
1441992897,112.8510,113.0249,112.8200,112.9290,428300
1441993199,112.9500,112.9600,112.8200,112.8600,285400
1441993442,113.0400,113.1190,112.9100,112.9440,387700
1441993799,113.0702,113.1500,112.9600,113.0500,318900
1441994040,113.1900,113.2111,113.0200,113.0500,376600
1441994340,113.2850,113.4300,113.1805,113.1805,780400
1441994640,113.2499,113.3400,113.1800,113.2800,721900
1441994940,113.1800,113.2400,113.0600,113.2400,405400
1441995240,113.2400,113.3400,113.1800,113.1800,355000
1441995541,113.4402,113.4500,113.2200,113.2400,496900
1441995899,113.6400,113.6700,113.4300,113.4500,772200
1441996199,113.6500,113.6800,113.5600,113.6500,570900
1441996440,113.7501,113.8687,113.6500,113.6500,959000
1441996741,113.9300,113.9500,113.7200,113.7600,764500
1441997099,113.9300,114.0100,113.8888,113.9400,964100
1441997340,114.0290,114.0500,113.9000,113.9499,779300
1441997641,113.7700,114.1000,113.7700,114.0300,747100
1441997999,113.8000,113.9299,113.7700,113.7735,546800
1441998240,113.9700,114.0600,113.8050,113.8050,641400
1441998597,114.0800,114.1700,113.9100,113.9600,696800
1441998899,114.0700,114.1000,113.9500,114.0800,691700
1441999140,113.9700,114.1500,113.9500,114.0737,733100
1441999499,114.0000,114.0900,113.9300,113.9900,771000
1441999799,114.0101,114.0430,113.9338,114.0100,504800
1442000040,113.9300,114.0250,113.8700,114.0200,553900
1442000399,114.0400,114.0800,113.9300,113.9300,892900
1442000698,113.9836,114.0500,113.9001,114.0400,700300
1442000999,113.9293,114.0300,113.9050,113.9900,559900
1442001299,114.0100,114.0553,113.9300,113.9500,956300
1442001599,114.1100,114.1100,113.9700,114.0190,1932400
1442001600,114.2000,114.2000,114.2000,114.2000,103500
1442237699,116.3850,116.8900,116.1600,116.5800,0
1442237999,116.4010,116.6100,116.0550,116.3650,2346100
1442238240,116.0100,116.7500,115.8900,116.4100,2034100
1442238540,116.0500,116.1000,115.6600,115.9750,1656800
1442238899,115.9500,116.1543,115.7600,116.0500,1372100
1442239199,115.9350,116.0300,115.7700,115.9500,963600
1442239499,116.2499,116.3100,115.7500,115.8800,1261800
1442239740,116.2200,116.2900,116.0700,116.2500,942500
1442240099,116.2245,116.3100,116.0700,116.2200,930200
1442240399,116.4300,116.5533,116.2200,116.2300,1204200
1442240699,116.4400,116.5200,116.2800,116.4400,685100
1442240999,116.2643,116.5600,116.2300,116.4300,679800
1442241240,116.0800,116.3090,115.9400,116.2650,1049800
1442241540,116.0100,116.1800,115.8400,116.0800,1093900
1442241899,115.9969,116.1400,115.9100,116.0071,616600
1442242199,115.9900,116.0600,115.8300,116.0000,651200
1442242499,115.7100,116.0100,115.3700,115.9900,1469900
1442242799,115.7700,115.9200,115.6100,115.7100,724700
1442243040,115.9000,116.0000,115.7200,115.7800,547600
1442243340,115.9000,116.0200,115.8500,115.9000,464200
1442243699,115.8850,115.9200,115.7500,115.9004,413900
1442243999,115.7500,115.9299,115.6900,115.8800,414900
1442244240,115.7100,115.8400,115.6900,115.7600,439800
1442244599,115.3951,115.7500,115.3700,115.7100,766700
1442244841,115.4000,115.5000,115.3100,115.3900,583600
1442245140,115.5750,115.6500,115.3500,115.3900,617200
1442245499,115.5000,115.6900,115.4761,115.5700,545800
1442245742,115.5000,115.5500,115.3500,115.4900,444100
1442246040,115.5700,115.6600,115.4800,115.5000,399500
1442246340,115.4600,115.5701,115.4100,115.5700,314900
1442246699,115.2700,115.5700,115.1300,115.4600,675100
1442246940,115.1000,115.2600,115.0700,115.2600,641400
1442247240,115.0199,115.1400,114.9500,115.0900,927700
1442247599,115.0300,115.1900,114.9900,115.0100,536500
1442247899,115.0900,115.1100,114.8600,115.0300,618100
1442248199,115.0889,115.1400,114.9800,115.1000,438100
1442248440,115.2101,116.2644,114.9800,115.0800,689300
1442248740,115.2999,115.3500,115.2200,115.2300,1651600
1442249040,115.1200,115.3800,115.1100,115.2900,389900
1442249340,115.0250,115.1400,114.9200,115.1110,456400
1442249699,115.0500,115.0900,114.9800,115.0300,283200
1442249999,115.0889,115.1100,115.0100,115.0550,280300
1442250241,115.0000,115.1100,114.9700,115.0800,353400
1442250598,115.0800,115.1000,114.9800,115.0000,374300
1442250840,115.0950,115.2000,115.0700,115.0899,289500
1442251198,115.1500,115.1700,115.0400,115.1000,239200
1442251499,115.1450,115.1600,115.0900,115.1500,223000
1442251740,115.2600,115.3000,115.1200,115.1400,347500
1442252099,115.3600,115.4000,115.2400,115.2600,340300
1442252340,115.5910,115.7000,115.3500,115.3600,705900
1442252640,115.6232,115.7800,115.5499,115.6000,398400
1442252941,115.6600,115.7000,115.5400,115.6300,476200
1442253297,115.5500,115.6800,115.5000,115.6600,328200
1442253599,115.7250,115.7400,115.5200,115.5550,349200
1442253899,115.6400,115.7400,115.6100,115.7250,315500
1442254140,115.3980,115.6600,115.3500,115.6399,383300
1442254497,115.4000,115.4650,115.3110,115.3900,315500
1442254740,115.4200,115.5250,115.3400,115.4160,357400
1442255040,115.4492,115.6300,115.4200,115.4200,333000
1442255398,115.3800,115.5300,115.3400,115.4650,354400
1442255640,115.4100,115.4800,115.3300,115.3800,284400
1442255940,115.5000,115.5200,115.4100,115.4150,271300
1442256299,115.6199,115.7300,115.5050,115.5056,493000
1442256541,115.6310,115.8100,115.6000,115.6099,452500
1442256840,115.6281,115.7000,115.5500,115.6400,420600
1442257198,115.4450,115.6300,115.4150,115.6200,519500
1442257499,115.1900,115.4500,115.1600,115.4450,713900
1442257740,115.3700,115.3750,115.0600,115.1950,689800
1442258041,115.6000,115.6000,115.2900,115.3699,522900
1442258340,115.5000,115.7400,115.4500,115.5970,619900
1442258641,115.4350,115.5800,115.4000,115.4800,430600
1442258940,115.4001,115.4600,115.3300,115.4400,450200
1442259241,115.3250,115.5100,115.3200,115.4284,487700
1442259599,115.2150,115.3500,115.1700,115.3200,853700
1442259899,115.2850,115.3900,115.1900,115.2201,610000
1442260140,115.2110,115.4450,115.2100,115.2800,650200
1442260440,115.2200,115.3200,115.2000,115.2200,739100
1442260740,115.3379,115.4000,115.2000,115.2200,3565300
1442260800,115.3100,115.3100,115.3100,115.3100,0
1442324099,115.1501,115.7900,115.0100,115.7800,0
1442324399,115.0081,115.2100,114.7500,115.1690,1418800
1442324699,115.0300,115.1300,114.8700,115.0100,708800
1442324940,114.7400,115.0580,114.4200,115.0400,1435000
1442325299,115.0000,115.0700,114.7304,114.7304,878100
1442325599,114.8800,115.1300,114.8675,114.9900,731800
1442325841,115.2300,115.2400,114.9000,114.9000,773500
1442326199,115.1800,115.3799,115.1500,115.2300,751300
1442326499,115.2600,115.2700,115.1000,115.1900,623900
1442326799,115.5490,115.6000,115.2700,115.2700,794300
1442327099,115.6900,115.8000,115.5300,115.5600,752200
1442327398,115.6000,115.7000,115.5500,115.6900,535300
1442327640,115.6500,115.8300,115.5900,115.6000,754600
1442327941,115.7250,115.7700,115.5700,115.6600,585400
1442328240,115.8800,115.9200,115.7100,115.7200,769000
1442328540,115.9100,116.0900,115.8700,115.8794,951500
1442328840,115.8500,115.9480,115.7200,115.9300,607900
1442329140,115.9500,115.9900,115.8370,115.8399,371900
1442329440,116.0000,116.0600,115.8600,115.9400,608200
1442329799,116.1100,116.1400,115.9800,116.0050,551100
1442330040,116.0200,116.1100,115.9900,116.1050,464000
1442330340,115.8300,116.0900,115.8210,116.0300,448800
1442330699,115.8490,115.9000,115.8000,115.8500,282100
1442330940,115.9350,115.9600,115.8300,115.8500,244200
1442331299,115.6300,115.9700,115.6200,115.9300,476200
1442331598,115.6700,115.7602,115.6300,115.6300,288000
1442331899,115.7200,115.7600,115.6600,115.6800,228500
1442332199,115.8100,115.8500,115.7100,115.7100,253900
1442332497,115.8900,115.9400,115.8000,115.8100,307400
1442332740,115.7450,115.8901,115.7300,115.8800,215400
1442333040,115.7300,115.7600,115.6400,115.7400,258400
1442333344,115.7400,115.7528,115.6400,115.7243,171900
1442333640,115.6963,115.7400,115.6500,115.7300,320100
1442333940,115.8100,115.8700,115.7000,115.7000,396000
1442334240,115.8300,115.9600,115.7800,115.8100,356700
1442334540,115.9701,115.9701,115.7700,115.8300,278000
1442334840,116.0150,116.0600,115.9400,115.9600,504400
1442335199,116.0000,116.0500,115.9700,116.0200,287500
1442335440,116.0100,116.0450,115.9700,116.0000,305600
1442335799,116.0640,116.0800,115.9800,116.0100,302500
1442336040,116.0300,116.2300,116.0200,116.0600,726100
1442336340,115.9500,116.0600,115.8700,116.0400,382500
1442336641,115.9790,115.9925,115.9100,115.9411,220600
1442336941,115.9100,115.9800,115.8700,115.9700,215500
1442337242,115.9200,115.9700,115.8500,115.9199,305500
1442337542,115.9840,116.0800,115.9150,115.9200,415100
1442337843,115.9750,116.0700,115.9500,115.9900,270600
1442338142,116.0500,116.1500,115.9500,115.9786,396200
1442338440,116.0600,116.1900,116.0300,116.0550,393700
1442338740,116.1000,116.1200,116.0100,116.0400,239400
1442339099,116.2450,116.3200,116.0650,116.0900,576700
1442339399,116.1950,116.3600,116.1700,116.2400,455800
1442339640,115.9700,116.2000,115.9700,116.1970,508800
1442339940,116.1000,116.1100,115.8700,115.9700,522100
1442340240,116.0300,116.1099,115.9100,116.1000,292100
1442340599,116.0600,116.0900,115.9000,116.0300,384300
1442340840,116.1400,116.3000,116.0400,116.0501,481000
1442341199,116.0800,116.2100,116.0800,116.1300,296700
1442341440,116.0500,116.0981,115.9500,116.0910,411100
1442341743,116.0900,116.1500,116.0100,116.0418,283200
1442342041,116.2250,116.2350,116.0400,116.0800,328300
1442342340,116.2300,116.2900,116.1575,116.2200,328900
1442342641,116.1900,116.3400,116.1812,116.2250,294300
1442342940,116.3700,116.4400,116.1550,116.1900,568500
1442343240,116.2710,116.4300,116.2050,116.3736,355400
1442343542,116.3700,116.4400,116.2501,116.2800,466900
1442343840,116.3310,116.4700,116.2900,116.3600,432600
1442344140,116.4200,116.5000,116.3390,116.3400,741900
1442344499,116.4300,116.5200,116.3450,116.4200,670900
1442344740,116.3300,116.4900,116.3000,116.4300,380200
1442345040,116.3400,116.3750,116.2700,116.3300,416100
1442345399,116.4350,116.5300,116.2950,116.3490,597600
1442345640,116.4300,116.4700,116.3200,116.4300,456600
1442345940,116.3100,116.4400,116.2800,116.4250,510200
1442346299,116.3450,116.3800,116.2600,116.3110,595600
1442346599,116.1900,116.3600,116.0700,116.3550,1497500
1442346840,116.1450,116.2900,116.1400,116.2300,737900
1442347199,116.2700,116.3700,116.1450,116.1470,1181500
1442347200,116.2800,116.2800,116.2800,116.2800,100
1442410440,115.7900,116.3400,115.7700,116.2500,0
1442410799,115.7197,116.0550,115.6200,115.7900,1375400
1442411040,115.6600,115.8200,115.4400,115.7099,1157400
1442411340,115.6500,115.7200,115.5800,115.6700,604800
1442411640,115.8500,115.9600,115.6500,115.6500,964300
1442411999,115.8270,115.9400,115.7600,115.8400,502900
1442412240,115.7901,115.8800,115.6200,115.8100,532000
1442412599,116.0811,116.1300,115.7900,115.7900,848000
1442412898,116.0143,116.2000,115.9600,116.0811,686900
1442413140,116.1570,116.1900,115.9900,116.0160,561700
1442413499,115.9760,116.2500,115.9500,116.2000,662700
1442413740,116.1400,116.1900,115.8800,115.9700,550100
1442414098,116.1774,116.2900,116.1000,116.1300,437300
1442414340,116.0800,116.2000,116.0300,116.1700,420500
1442414641,116.0600,116.1700,115.9500,116.0800,378400
1442414940,116.0500,116.2200,115.9700,116.0500,471300
1442415240,115.8800,116.0400,115.8600,116.0400,343200
1442415599,115.8700,115.9900,115.8400,115.8769,370100
1442415842,115.7800,115.9000,115.7310,115.8700,444200
1442416140,116.0600,116.0800,115.7701,115.7800,469400
1442416440,116.1300,116.2100,116.0400,116.0700,509900
1442416741,116.1100,116.2500,116.0500,116.1200,477100
1442417099,116.3001,116.4000,116.0300,116.1200,739900
1442417340,116.4700,116.5400,116.3000,116.3001,645700
1442417640,116.4000,116.5000,116.3200,116.4711,289800
1442417940,116.2700,116.4150,116.2300,116.3900,284400
1442418240,116.1830,116.2700,116.1600,116.2664,302000
1442418596,116.1700,116.2074,116.1000,116.1850,280300
1442418841,116.2598,116.2600,116.1239,116.1799,231600
1442419199,116.3050,116.3350,116.2400,116.2600,320200
1442419440,116.2250,116.3800,116.2001,116.3099,378500
1442419740,116.1512,116.2420,116.1159,116.2300,297900
1442420041,116.1632,116.1900,116.1100,116.1570,198000
1442420340,116.2700,116.3000,116.1700,116.1760,241500
1442420698,116.2300,116.3000,116.2100,116.2800,203100
1442420942,116.2800,116.2900,116.2200,116.2400,167100
1442421240,116.2493,116.3300,116.1500,116.2800,368300
1442421540,116.2800,116.2800,116.1540,116.2400,236500
1442421840,116.2350,116.3100,116.2000,116.2900,247100
1442422140,116.2500,116.2701,116.2000,116.2400,166000
1442422440,116.1700,116.2900,116.1700,116.2400,244300
1442422799,116.2100,116.2500,116.1700,116.1700,173100
1442423099,116.0950,116.2100,116.0100,116.2000,400100
1442423341,116.1600,116.1820,116.0800,116.1000,223900
1442423640,116.1489,116.2000,116.1100,116.1593,271700
1442423944,115.9903,116.1700,115.9700,116.1499,285400
1442424299,116.0300,116.0400,115.9000,116.0000,278300
1442424540,115.8800,116.0357,115.8200,116.0300,319300
1442424899,115.9700,115.9900,115.8440,115.8700,231700
1442425142,115.9370,116.0450,115.9201,115.9800,186200
1442425444,116.0047,116.0300,115.9350,115.9350,156100
1442425740,115.9700,116.0600,115.9700,116.0087,182600
1442426099,115.9900,116.1000,115.9650,115.9650,243100
1442426340,116.0390,116.0800,115.9800,115.9900,234500
1442426640,116.0900,116.1100,115.9340,116.0400,194200
1442426998,116.0960,116.1200,116.0200,116.0890,182600
1442427298,116.0200,116.1280,115.9700,116.1000,210900
1442427543,115.9500,116.0100,115.8800,116.0100,308900
1442427899,115.8780,115.9873,115.7900,115.9600,350300
1442428140,115.9100,115.9200,115.7800,115.8700,271300
1442428499,115.9100,115.9300,115.8149,115.9100,226300
1442428799,115.8700,115.9500,115.8500,115.9100,312500
1442429040,115.8900,115.9000,115.8200,115.8700,364400
1442429340,115.9400,115.9800,115.8800,115.8946,269300
1442429640,115.7700,115.9500,115.7500,115.9300,322100
1442429999,115.9900,116.0700,115.7050,115.7700,732800
1442430241,116.0400,116.1300,115.9800,116.0000,383700
1442430540,115.9800,116.0800,115.9700,116.0400,506800
1442430899,116.0501,116.1300,115.9850,115.9890,515100
1442431141,116.1000,116.1200,116.0100,116.0600,347700
1442431440,116.2000,116.2200,116.0400,116.1100,601700
1442431799,116.2300,116.2400,116.1500,116.1990,489900
1442432041,116.2160,116.2900,116.1700,116.2390,657200
1442432399,116.2900,116.3000,116.1100,116.2101,572500
1442432699,116.3200,116.4400,116.2500,116.3000,887500
1442432940,116.3100,116.3800,116.2099,116.3200,709200
1442433299,116.3800,116.4750,116.2900,116.3400,838100
1442433540,116.4200,116.4600,116.2900,116.3900,3332900
1442433600,116.4100,116.4100,116.4100,116.4100,0
1442496895,115.5900,115.8000,115.5400,115.7350,0
1442497140,115.4700,115.6400,115.4300,115.5718,1096800
1442497499,115.4300,115.5100,115.1700,115.4800,1272100
1442497799,115.5150,115.5500,115.2900,115.4350,761200
1442498041,115.4150,115.6400,115.3800,115.5000,705000
1442498399,115.3200,115.5780,115.3100,115.4200,595500
1442498640,115.6100,115.6200,115.3000,115.3200,553500
1442498999,115.5400,115.6700,115.5000,115.6000,481700
1442499299,115.3400,115.5600,115.3300,115.5400,565500
1442499540,115.3200,115.4584,115.3100,115.3500,453400
1442499840,115.5200,115.5600,115.3200,115.3200,478700
1442500199,115.3400,115.5501,115.3100,115.5100,385800
1442500499,115.3100,115.3600,115.2450,115.3201,518000
1442500799,115.1500,115.3200,115.1300,115.3100,664700
1442501040,115.3000,115.3300,115.0765,115.1440,642900
1442501341,115.2800,115.3100,115.1600,115.3010,313400
1442501640,115.4200,115.4500,115.2210,115.2770,364400
1442501942,115.4650,115.5000,115.3700,115.4213,378400
1442502299,115.4000,115.5400,115.3500,115.4689,477600
1442502540,115.5169,115.5500,115.3600,115.3965,310600
1442502840,115.4500,115.5700,115.4050,115.5180,332700
1442503199,115.5199,115.6100,115.4500,115.4500,411300
1442503442,115.5900,115.6900,115.5110,115.5170,635500
1442503799,115.5890,115.6200,115.5000,115.6000,262600
1442504099,115.3600,115.6150,115.3100,115.5900,604700
1442504341,115.4300,115.4400,115.3300,115.3649,276800
1442504646,115.4763,115.5100,115.3700,115.4200,260000
1442504999,115.5800,115.6190,115.4300,115.4799,461100
1442505242,115.5000,115.6600,115.4700,115.5800,350000
1442505542,115.5400,115.5900,115.4700,115.4900,148800
1442505840,115.5200,115.6000,115.5000,115.5450,155500
1442506199,115.5100,115.5600,115.4700,115.5200,152100
1442506499,115.5260,115.6100,115.5000,115.5150,243900
1442506796,115.6100,115.6601,115.5200,115.5200,317300
1442507040,115.5500,115.6500,115.5300,115.6100,173100
1442507399,115.5900,115.6000,115.5100,115.5560,197600
1442507640,115.5700,115.7400,115.5300,115.5999,368400
1442507940,115.4100,115.6000,115.4000,115.5600,241800
1442508241,115.5470,115.5700,115.3800,115.4170,298800
1442508599,115.4400,115.5460,115.3000,115.5410,407800
1442508840,115.4400,115.4900,115.4000,115.4404,244100
1442509199,115.4500,115.5400,115.4100,115.4500,279600
1442509440,115.4450,115.4600,115.3800,115.4400,254400
1442509799,115.3000,115.4900,115.3000,115.4430,260500
1442510042,115.3060,115.3900,115.3000,115.3100,355000
1442510399,115.5300,115.5500,115.3000,115.3000,393800
1442510640,115.4000,115.6100,115.4000,115.5350,445600
1442510943,115.4443,115.5700,115.3900,115.3943,328200
1442511299,115.4599,115.5400,115.4250,115.4500,420600
1442511599,115.2961,115.4900,115.2800,115.4550,447900
1442511899,115.1790,115.3100,115.1400,115.3000,599300
1442512141,115.2550,115.2900,115.1700,115.1800,389800
1442512499,115.3000,115.3300,115.1400,115.2400,551600
1442512799,115.2900,115.3200,115.1800,115.2850,408100
1442513040,114.8513,116.0000,114.6700,115.3000,3581400
1442513340,115.2200,115.3000,114.8200,114.8500,1760000
1442513699,115.2750,115.7200,115.2001,115.2100,1385500
1442513940,115.3800,115.6200,115.2528,115.3000,1128300
1442514299,115.1798,115.4600,115.0500,115.3900,1107100
1442514540,115.1000,115.4220,115.0700,115.1750,959900
1442514840,115.4101,115.4600,115.0800,115.1100,1025000
1442515199,115.2400,115.4900,115.1799,115.4100,830100
1442515499,115.6700,115.7200,115.1500,115.2200,1048700
1442515799,116.0737,116.4092,115.6400,115.6700,2030300
1442516040,116.3228,116.4000,116.0500,116.1100,1216000
1442516399,116.2199,116.3400,116.0600,116.3280,1099900
1442516699,116.2782,116.4900,116.1900,116.2100,1182200
1442516940,115.7200,116.2900,115.5600,116.2700,1407000
1442517180,115.7400,115.9400,115.6300,115.7100,629600
1442517540,115.4250,115.6600,115.3600,115.5800,376100
1442517899,115.1401,115.4500,114.8400,115.4300,3288500
1442518140,115.1300,115.2000,114.9900,115.1000,1093000
1442518440,115.1100,115.2501,114.9000,115.1200,1210800
1442518799,114.9700,115.1200,114.8200,115.1100,1300500
1442519099,114.9900,115.1400,114.8550,114.9900,1204600
1442519342,114.9200,115.0700,114.8300,114.9700,1270300
1442519699,114.0999,114.9600,114.0700,114.8800,2110100
1442519940,113.9100,114.2300,113.7150,114.0900,2572800
1442583240,113.0700,113.1500,111.9200,112.2100,0
1442583599,112.8600,113.1300,112.7000,113.0760,1525000
1442583899,112.9000,112.9200,112.6500,112.8600,1070600
1442584140,112.9200,113.2800,112.7700,112.8900,1260200
1442584440,113.0500,113.0600,112.7700,112.9100,769500
1442584741,113.2900,113.3050,112.8800,113.0500,810000
1442585099,113.5900,113.7200,113.1600,113.2700,1042500
1442585399,113.9900,114.0200,113.5100,113.5798,1415400
1442585699,113.9950,114.2400,113.9500,113.9801,1129500
1442585999,113.7200,114.0300,113.7100,114.0000,801000
1442586240,113.7600,113.9300,113.6800,113.7292,699300
1442586599,113.9100,114.3000,113.7500,113.7700,1059000
1442586840,113.8100,113.9800,113.7500,113.9000,646200
1442587140,113.4700,113.8000,113.4700,113.8000,833800
1442587440,113.5000,113.6000,113.4200,113.4700,606000
1442587740,113.5700,113.7100,113.4800,113.5100,402800
1442588040,113.3600,113.6300,113.3100,113.5850,520300
1442588340,113.5400,113.6100,113.2900,113.3600,615000
1442588641,113.8600,113.9000,113.5300,113.5400,577500
1442588999,113.9100,114.1000,113.8200,113.8500,603400
1442589240,114.0300,114.0700,113.7800,113.9100,527100
1442589542,113.9100,114.0200,113.8000,114.0200,437700
1442589840,113.9600,114.0000,113.8000,113.9160,379600
1442590140,113.7300,114.0900,113.7200,113.9600,652400
1442590440,113.8090,113.8800,113.6300,113.7200,537300
1442590740,113.8000,113.8400,113.6000,113.8100,377900
1442591040,113.9860,114.0300,113.6750,113.8050,499800
1442591340,114.2500,114.3000,113.9600,113.9899,714600
1442591699,113.9742,114.2900,113.9300,114.2500,389000
1442591940,114.0300,114.1500,113.9500,113.9700,315900
1442592299,113.9761,114.0753,113.8700,114.0400,326400
1442592598,113.8900,114.0800,113.8600,113.9700,477100
1442592899,113.7900,113.8808,113.6900,113.8800,598400
1442593199,113.7100,113.8250,113.6500,113.7800,355300
1442593440,113.5300,113.7200,113.3410,113.7200,801100
1442593740,113.7000,113.7100,113.5000,113.5499,373800
1442594040,113.6000,113.7000,113.5050,113.7000,340100
1442594399,113.7600,113.8300,113.5600,113.6000,292600
1442594698,113.4600,113.7680,113.4400,113.7400,297900
1442594999,113.4900,113.5800,113.4500,113.4700,299500
1442595299,113.4850,113.5700,113.4300,113.4750,258100
1442595599,113.5100,113.6100,113.4200,113.4900,388400
1442595899,113.8600,113.9200,113.4100,113.4830,684600
1442596140,113.9600,114.0500,113.7900,113.8700,541400
1442596440,113.7900,113.9700,113.7400,113.9600,300700
1442596741,113.9800,114.0831,113.7100,113.8000,446800
1442597040,113.7201,113.9800,113.6900,113.9800,523300
1442597340,113.8550,113.8650,113.5900,113.7100,473800
1442597699,113.8500,113.9100,113.7677,113.8500,259300
1442597998,113.5750,113.8400,113.5100,113.8350,484000
1442598240,113.8400,113.8600,113.5700,113.5800,298300
1442598540,113.7875,113.9400,113.7400,113.8500,295100
1442598840,113.6400,113.7900,113.4600,113.7900,505000
1442599140,113.4050,113.6500,113.2950,113.6500,623200
1442599440,113.5300,113.5700,113.3000,113.4000,454800
1442599799,113.5900,113.7000,113.4800,113.5300,433100
1442600040,113.5250,113.6200,113.4200,113.5900,354400
1442600341,113.5600,113.6700,113.4500,113.5300,356700
1442600640,113.8550,113.8800,113.5400,113.5800,470600
1442600999,113.8500,113.9500,113.7480,113.8600,351700
1442601240,113.8400,113.9000,113.7784,113.8599,275400
1442601599,113.8800,113.8900,113.6400,113.8400,342100
1442601841,113.9800,114.1000,113.8700,113.8800,517600
1442602140,113.8150,114.0100,113.7900,113.9900,365000
1442602440,113.6200,113.8400,113.5500,113.8200,586600
1442602740,113.9400,114.0700,113.6000,113.6201,424400
1442603099,113.8690,114.0900,113.8200,113.9400,514400
1442603399,113.6250,113.8500,113.6000,113.8499,568200
1442603640,113.8651,113.9200,113.6300,113.6300,399000
1442603999,113.7399,113.8600,113.6600,113.8600,527600
1442604299,113.7500,113.7800,113.5400,113.7355,624800
1442604599,113.8200,113.8838,113.6100,113.7400,689600
1442604899,113.7500,113.8800,113.6700,113.8200,548700
1442605141,113.7200,113.8000,113.6600,113.7450,563500
1442605499,113.5500,113.7300,113.5350,113.7200,1276000
1442605799,113.3900,113.5900,113.3700,113.5500,1056600
1442606040,113.5200,113.6900,113.3300,113.3800,1444500
1442606340,113.3610,113.5800,113.3200,113.5100,16754000
1442606400,113.4500,113.4500,113.4500,113.4500,0
1442842440,113.8299,114.1100,113.6600,113.6700,0
1442842799,113.9300,114.2300,113.7650,113.8300,1015400
1442843099,114.1500,114.2200,113.8200,113.9300,796000
1442843340,114.3000,114.4600,114.1400,114.1600,979800
1442843699,114.3500,114.4800,114.2600,114.3401,731000
1442843940,114.3200,114.5600,114.2000,114.3400,810800
1442844240,114.3600,114.3900,114.2200,114.3100,694600
1442844599,114.3199,114.3900,114.2806,114.3601,591600
1442844840,114.2600,114.3900,114.2100,114.3400,541300
1442845140,114.3700,114.4200,114.2000,114.2600,621100
1442845440,114.3000,114.4200,114.2300,114.3600,467000
1442845799,114.1900,114.3200,114.1800,114.3000,440900
1442846099,114.3500,114.4050,114.1900,114.1900,590200
1442846340,114.5940,114.6100,114.3150,114.3499,819900
1442846699,114.7600,114.7700,114.5050,114.6000,592100
1442846999,114.7000,114.8301,114.6100,114.7550,568200
1442847299,114.7930,114.8400,114.7000,114.7000,421000
1442847540,114.6950,114.8300,114.6900,114.8068,399700
1442847899,114.6200,114.7500,114.6000,114.6900,399100
1442848199,114.6000,114.6900,114.5800,114.6100,420400
1442848499,114.6900,114.7000,114.5700,114.6000,399600
1442848740,114.9900,114.9900,114.6900,114.7000,572800
1442849091,114.8891,114.9900,114.8400,114.9900,304000
1442849340,114.7700,115.0000,114.7200,114.8900,514300
1442849641,114.5300,114.8800,114.4800,114.7700,604600
1442849940,114.4600,114.5900,114.3700,114.5300,642400
1442850241,114.4943,114.5550,114.4190,114.4699,373000
1442850540,114.3900,114.4900,114.2799,114.4900,437200
1442850840,114.2550,114.4399,114.2500,114.4000,280500
1442851141,114.2800,114.3400,114.2200,114.2550,373800
1442851499,114.0601,114.3400,113.9900,114.3000,627400
1442851791,114.0110,114.1200,113.9400,114.0650,532300
1442852040,114.0500,114.0900,113.9500,114.0500,302900
1442852399,114.0700,114.1800,114.0000,114.0100,443800
1442852641,114.1500,114.1750,113.9600,114.0600,321100
1442852942,114.1840,114.2000,114.0900,114.1500,233300
1442853241,113.9200,114.1900,113.8600,114.1800,429100
1442853540,114.0405,114.0600,113.8700,113.9199,262200
1442853899,114.1800,114.1999,113.9900,114.0400,423000
1442854199,114.0400,114.1800,114.0300,114.1800,242800
1442854499,113.9200,114.0800,113.7400,114.0400,644100
1442854740,113.8600,113.9300,113.7200,113.9200,374700
1442855099,113.9400,113.9751,113.8120,113.8600,385200
1442855340,113.9400,114.0300,113.8400,113.9350,355100
1442855641,114.0000,114.0000,113.8500,113.9300,279100
1442855942,113.9800,114.1250,113.8700,113.9900,458800
1442856240,114.0700,114.0800,113.9700,113.9900,294700
1442856599,114.1520,114.2000,114.0650,114.0700,358800
1442856842,114.1810,114.2100,114.1300,114.1600,255300
1442857199,114.3700,114.4400,114.1800,114.1901,438800
1442857499,114.7837,114.8400,114.3800,114.3800,1117300
1442857799,114.4750,114.7850,114.4550,114.7800,661600
1442858099,114.5500,114.5600,114.3400,114.4800,514000
1442858340,114.4600,114.5500,114.3660,114.5500,338400
1442858641,114.7800,114.8000,114.4350,114.4500,639100
1442858940,114.7700,114.9100,114.7400,114.7800,658800
1442859299,114.7000,114.8700,114.5600,114.7757,495800
1442859540,114.8025,114.9000,114.6843,114.7000,405000
1442859840,114.9200,115.0400,114.7800,114.8100,891900
1442860199,114.8200,114.9400,114.7500,114.9153,388300
1442860440,114.8950,114.9500,114.6374,114.8200,583800
1442860741,115.0450,115.0900,114.8700,114.8900,637900
1442861099,115.0500,115.1000,115.0000,115.0500,480900
1442861341,115.0900,115.1000,114.8500,115.0500,481400
1442861640,115.2200,115.2600,115.1000,115.1200,641900
1442861940,115.2490,115.3000,115.1904,115.2290,445100
1442862298,115.2600,115.2900,115.1800,115.2500,317300
1442862540,115.2700,115.2900,115.1100,115.2700,438200
1442862840,115.2501,115.3200,115.1800,115.2700,437100
1442863199,115.2800,115.3200,115.1601,115.2500,442400
1442863499,115.2200,115.3600,115.1700,115.2900,495700
1442863799,115.3200,115.3400,115.1800,115.2200,428800
1442864096,114.9900,115.3700,114.8900,115.3111,1799600
1442864340,114.8940,115.0100,114.8600,114.9000,627700
1442864699,114.9700,114.9800,114.7810,114.8950,619000
1442864945,115.0900,115.1450,114.9300,114.9700,779400
1442865241,115.0100,115.1100,114.9400,115.1100,535300
1442865540,115.1800,115.2200,115.0000,115.0000,937000
1442928840,113.8600,114.0300,113.6465,113.7700,0
1442929142,113.8750,114.0100,113.6200,113.8300,1082100
1442929499,113.9800,114.1800,113.7400,113.8900,1223600
1442929799,113.6800,114.0900,113.6200,113.9760,1087700
1442930099,113.7700,113.8300,113.6200,113.6732,916200
1442930399,113.6800,113.9099,113.6550,113.7700,696900
1442930640,113.9200,114.0700,113.6385,113.6800,995100
1442930940,113.7500,113.9500,113.7500,113.9200,548600
1442931299,113.7200,113.8200,113.6100,113.7400,614500
1442931541,113.6000,113.7660,113.5700,113.7150,720400
1442931840,113.5900,113.6510,113.5200,113.6000,540600
1442932199,113.7120,113.7700,113.5100,113.5900,607000
1442932440,113.6900,113.7700,113.6400,113.7100,484700
1442932740,113.6300,113.7200,113.5500,113.6800,572600
1442933041,113.4600,113.6300,113.4100,113.6300,767100
1442933399,113.1699,113.4900,113.0800,113.4600,948500
1442933640,113.2500,113.3400,113.0910,113.1600,766700
1442933999,113.2450,113.3028,113.1600,113.2500,529000
1442934240,113.3900,113.4600,113.2000,113.2500,610500
1442934599,113.2534,113.4300,113.2200,113.3850,425900
1442934899,113.3718,113.4299,113.2200,113.2550,425000
1442935140,113.3700,113.4300,113.2500,113.3800,326400
1442935440,113.2132,113.4300,113.1600,113.3795,373800
1442935799,113.0283,113.2600,113.0283,113.2100,467200
1442936040,113.0400,113.1900,112.9600,113.0200,867200
1442936340,112.8799,113.0700,112.8600,113.0600,1133300
1442936643,112.8000,112.9700,112.7600,112.8600,644200
1442936940,112.9600,112.9700,112.7700,112.8012,517900
1442937240,112.9410,113.0000,112.8500,112.9700,408500
1442937599,113.0200,113.0800,112.9000,112.9500,464800
1442937897,112.9300,113.0189,112.8100,113.0189,387400
1442938140,113.0800,113.2100,112.8700,112.9300,661300
1442938440,113.0400,113.2200,113.0100,113.0900,357200
1442938740,113.0031,113.1100,112.9300,113.0450,255500
1442939040,112.9400,113.1100,112.9000,113.0028,378800
1442939340,112.9000,112.9700,112.7600,112.9500,309000
1442939640,112.7850,112.9200,112.7700,112.9100,291800
1442939999,112.8999,112.9100,112.7100,112.7856,450800
1442940299,112.9890,113.0400,112.8900,112.8957,368300
1442940540,112.7400,112.9890,112.7000,112.9815,472700
1442940899,112.6500,112.7900,112.6000,112.7300,576900
1442941199,112.6450,112.7500,112.5900,112.6400,374100
1442941440,112.8100,112.8700,112.6000,112.6389,368000
1442941797,112.7330,112.9000,112.7100,112.8500,259300
1442942040,112.7400,112.8900,112.6800,112.7250,281600
1442942345,112.7700,112.8300,112.6300,112.7400,295600
1442942643,112.7200,112.8200,112.6600,112.7600,279300
1442942998,112.5700,112.7200,112.5300,112.7200,449500
1442943299,112.6400,112.7200,112.5201,112.5650,401200
1442943599,112.7400,112.7900,112.5900,112.6400,470700
1442943899,112.9699,113.0300,112.7500,112.7500,471000
1442944140,112.9600,113.0200,112.8600,112.9650,382800
1442944440,112.8700,112.9640,112.7900,112.9640,391300
1442944740,113.1000,113.1100,112.8500,112.8700,454400
1442945099,113.0250,113.1020,112.8500,113.1000,473100
1442945340,112.8900,113.0700,112.8800,113.0400,456400
1442945640,112.9400,112.9500,112.7500,112.8900,393900
1442945999,112.9330,113.0400,112.8900,112.9400,296700
1442946240,112.7800,112.9700,112.7300,112.9400,424700
1442946599,113.0800,113.0900,112.7700,112.7700,453500
1442946840,113.1500,113.2900,112.9800,113.0800,614800
1442947140,113.1400,113.2000,113.0200,113.1400,355500
1442947441,113.1364,113.2500,113.0800,113.1400,389400
1442947799,112.8500,113.2000,112.8100,113.1400,519200
1442948040,113.0300,113.0600,112.8500,112.8500,340900
1442948340,113.2200,113.2200,112.9100,113.0400,517800
1442948699,113.1100,113.2100,113.0700,113.2100,294300
1442948999,113.0100,113.2200,112.9600,113.1000,392700
1442949240,112.9290,113.0200,112.7710,113.0200,482600
1442949599,112.8200,113.0300,112.7800,112.9200,466900
1442949840,112.9400,113.0000,112.8200,112.8220,381200
1442950140,113.1100,113.1700,112.9200,112.9300,623500
1442950440,113.2850,113.2900,113.0800,113.1100,649500
1442950741,113.3500,113.3900,113.2000,113.3600,823100
1442951099,113.3400,113.4400,113.2500,113.3600,988900
1442951399,113.3300,113.4000,113.2200,113.3250,758200
1442951640,113.3150,113.3500,113.1700,113.3300,735800
1442951940,113.3700,113.5500,113.2800,113.3120,1763500
1442952000,113.4000,113.4000,113.4000,113.4000,4356600
1443015240,113.9312,113.9700,113.5600,113.5600,0
1443015540,113.7896,114.1100,113.7500,113.9310,955700
1443015840,113.6863,113.9300,113.6730,113.7700,610400
1443016140,113.4300,113.7500,113.4000,113.6866,875200
1443016440,113.7300,113.8501,113.4100,113.4399,899000
1443016740,113.8690,113.9400,113.7000,113.7200,630700
1443017040,113.9800,114.0200,113.7600,113.8700,642400
1443017399,113.7500,114.0000,113.7300,113.9700,443400
1443017640,113.9790,114.0299,113.7300,113.7500,523800
1443017999,114.0900,114.0900,113.8600,113.9800,457400
1443018240,113.9400,114.0900,113.9200,114.0800,391400
1443018599,113.9490,114.0000,113.8000,113.9400,421900
1443018840,113.9600,113.9900,113.8800,113.9490,293000
1443019199,113.9500,114.1800,113.9200,113.9600,530200
1443019440,114.0800,114.0900,113.9300,113.9500,391000
1443019740,114.0500,114.1400,113.9950,114.0700,275700
1443020040,114.2900,114.3000,114.0400,114.0400,584300
1443020340,114.1400,114.3199,114.0600,114.3000,393800
1443020698,114.1310,114.1700,114.0400,114.1311,263200
1443020940,114.1000,114.1400,114.0300,114.1300,303800
1443021299,113.8999,114.1200,113.8300,114.1087,391600
1443021599,113.8292,113.9000,113.7300,113.8999,501800
1443021840,113.7800,113.8350,113.6600,113.8200,341300
1443022140,113.7400,113.8698,113.6200,113.7899,318600
1443022499,113.7000,113.7800,113.6601,113.7400,319600
1443022740,113.7550,113.7900,113.6700,113.6800,258600
1443023040,113.5100,113.7600,113.4600,113.7550,533600
1443023340,113.5100,113.5500,113.4637,113.5100,330200
1443023699,113.3799,113.5450,113.3000,113.5101,452300
1443023940,113.5399,113.5400,113.3400,113.3700,403100
1443024298,113.4350,113.5598,113.3400,113.5400,786000
1443024540,113.4100,113.4700,113.3600,113.4300,357600
1443024899,113.5300,113.5440,113.3900,113.4100,272100
1443025151,113.6000,113.6000,113.4400,113.5200,298500
1443025499,113.7300,113.7600,113.5300,113.6090,389600
1443025799,113.8300,113.8300,113.7100,113.7400,317500
1443026042,113.8700,113.8800,113.7900,113.8300,261900
1443026399,113.7260,113.8700,113.7200,113.8600,268800
1443026698,113.7990,113.8100,113.7200,113.7200,205800
1443026999,113.7099,113.8100,113.7000,113.7900,147400
1443027299,113.8900,113.9500,113.7010,113.7010,317900
1443027542,113.9500,113.9900,113.8100,113.8800,244500
1443027898,113.9500,113.9840,113.8900,113.9400,189500
1443028140,113.9900,114.0900,113.9200,113.9499,340000
1443028443,113.9900,113.9960,113.9100,113.9900,174300
1443028740,113.9500,114.0050,113.8800,114.0000,168200
1443029099,113.8000,113.9950,113.7900,113.9500,177900
1443029399,113.7400,113.8100,113.6600,113.8000,292700
1443029642,113.8400,113.8600,113.7189,113.7400,211200
1443029940,113.8600,113.9100,113.7900,113.8400,163600
1443030240,114.2000,114.2100,113.8400,113.8600,486900
1443030599,114.1700,114.2500,114.1500,114.2060,387300
1443030840,114.1310,114.1900,114.1000,114.1700,292600
1443031199,114.2120,114.2300,114.0800,114.1100,259100
1443031499,114.4100,114.4400,114.1700,114.2100,687600
1443031797,114.4580,114.5700,114.4100,114.4200,729000
1443032098,114.4700,114.6351,114.4500,114.4532,433700
1443032398,114.4301,114.5150,114.3800,114.4700,379000
1443032641,114.4301,114.4800,114.3300,114.4400,341500
1443032999,114.3230,114.5000,114.3200,114.4320,435000
1443033299,114.5200,114.5200,114.2700,114.3200,309400
1443033542,114.2398,114.5400,114.1400,114.5210,517100
1443033840,114.2300,114.2450,114.0900,114.2300,343900
1443034141,114.2600,114.2800,114.0800,114.2310,275200
1443034440,114.1300,114.3200,114.0800,114.2700,304900
1443034797,114.1800,114.2300,114.0500,114.1100,300900
1443035099,114.2700,114.3500,114.0800,114.1900,512100
1443035342,114.4000,114.4100,114.2300,114.2770,393500
1443035640,114.2300,114.4600,114.2300,114.3950,439000
1443035940,114.3200,114.3500,114.1400,114.2350,426400
1443036240,114.3600,114.4500,114.2600,114.3300,545200
1443036599,114.3937,114.4400,114.2300,114.3600,490100
1443036840,114.4800,114.4800,114.2700,114.3900,517500
1443037199,114.6266,114.6700,114.4300,114.4710,793800
1443037442,114.5892,114.7200,114.5700,114.6250,647800
1443037799,114.5600,114.6000,114.4800,114.5800,603800
1443038099,114.5200,114.6400,114.4200,114.5250,610700
1443038340,114.3400,114.5600,114.3200,114.5200,2617900
1443038400,114.3200,114.3200,114.3200,114.3200,0